This file contains few of the user IDs that can be used to try 
test the model.


11676,  29526,  46398, 230522, 245827,   7346,  13552,  30533,
31315,  70666,  75819,  78973, 101209, 105979, 107784, 120396,
124487, 125519, 134797, 159506, 193898, 214786, 216683, 218121,
229011, 232131, 232945, 240567, 241666, 241980, 244627, 258534,
6242,  22625,  36907,  63956,  86243,  92810,  95932, 100459,
102359, 105517, 129716, 148744, 165319, 178667, 224138, 240401,
1733,   2766,  11993,  28591,  31826,  37538,  37950,  38023,
55187,  56399,  65258,  69378,  77480,  80555,  88693,  93047,
94853, 114988, 124078, 129851, 132492, 136139, 138844, 147965,
167800, 168047, 172760, 179791, 184424, 187145, 187256, 201969,
220688, 224525, 224809, 229329, 249862, 257028, 260897, 271448,
55892,  70594, 164323, 204591, 217318, 227705, 234828, 252695,
259629,  16795,  19085,  40889,  48494,  53174,  59172,  69971,
80538,  81492, 100846, 106007, 115435, 135149, 164675, 177432,
201290, 206074, 210035, 223231, 224349, 225595, 225886, 255092,
267635,   4017,   8253,  11601,  13850,  17950,  21576,  23902,
24194,  27472,  31556,  37712,  46443,  55548,  66942,  76626,
89602,  95359, 102647, 110934, 113519, 115003, 123883, 129074,
136205, 138543, 145449, 146230, 147451, 147847, 159033, 171118,
174304, 181176, 184299, 200226, 207246, 209160, 209516, 229741,
231210, 236058, 236340, 239594, 247447, 251844, 257700,  25981,
30487,  39773,  52044,  60244,  67840,  69078,  93565, 101305,
126604, 127359, 144038, 204864, 236757, 239584,  36554, 113270,
146803, 218608, 231237,  47316, 104399, 106849, 108405, 110973,
236283, 255489,   2276,  20060,  28634,  35859,  38273,  53220,
